speed_hz[hz]	send_bytes[byte]	average_proctime[us]	 median_proctime[us]	mode_proctime[us]	max_proctime[us]	min_proctime[us]
10000	10000	58.996033668518066	57.697296142578125	57.45887756347656	3579.6165466308594	13.589859008789062
11000	10000	60.764217376708984	60.558319091796875	60.79673767089844	2057.0755004882812	13.3514404296875
12000	10000	61.09519004821777	61.03515625	61.75041198730469	3165.006637573242	13.113021850585938
13000	10000	60.41429042816162	61.03515625	61.27357482910156	304.6989440917969	13.3514404296875
14000	10000	61.6206169128418	60.558319091796875	60.79673767089844	1760.4827880859375	14.066696166992188
14400	10000	59.95817184448242	58.88938903808594	61.511993408203125	1697.0634460449219	13.113021850585938
15000	10000	61.025094985961914	60.558319091796875	60.558319091796875	1388.3113861083984	13.3514404296875
16000	10000	60.92073917388916	60.79673767089844	61.511993408203125	1713.5143280029297	13.589859008789062
17000	10000	59.70580577850342	59.84306335449219	60.08148193359375	1705.6465148925781	13.3514404296875
18000	10000	60.61995029449463	61.27357482910156	61.511993408203125	1581.430435180664	13.589859008789062
19000	10000	61.46194934844971	59.84306335449219	59.84306335449219	3057.9566955566406	13.589859008789062
19200	10000	60.14871597290039	60.558319091796875	60.558319091796875	1122.7130889892578	12.874603271484375
20000	10000	59.17997360229492	58.650970458984375	61.27357482910156	1177.072525024414	12.874603271484375
21000	10000	58.97164344787598	58.17413330078125	57.697296142578125	301.12266540527344	13.3514404296875
22000	10000	59.143877029418945	57.93571472167969	57.93571472167969	4015.4457092285156	13.113021850585938
23000	10000	59.552693367004395	60.08148193359375	59.84306335449219	268.69773864746094	13.113021850585938
24000	10000	58.87808799743652	58.650970458984375	58.41255187988281	837.0876312255859	13.113021850585938
25000	10000	57.882094383239746	57.93571472167969	57.93571472167969	372.88665771484375	12.874603271484375
26000	10000	59.745216369628906	60.558319091796875	61.03515625	1669.8837280273438	12.874603271484375
27000	10000	60.128188133239746	60.558319091796875	-1	301.361083984375	12.874603271484375
28000	10000	59.89792346954346	60.558319091796875	60.558319091796875	843.2865142822266	12.874603271484375
28800	10000	60.19861698150635	60.08148193359375	60.31990051269531	2268.552780151367	13.113021850585938
29000	10000	59.392738342285156	57.93571472167969	57.93571472167969	2866.983413696289	13.589859008789062
30000	10000	59.078240394592285	59.1278076171875	59.36622619628906	296.59271240234375	13.828277587890625
31000	10000	58.432650566101074	58.17413330078125	57.93571472167969	274.89662170410156	13.589859008789062
32000	10000	60.55107116699219	61.27357482910156	61.511993408203125	302.0763397216797	12.874603271484375
33000	10000	61.37382984161377	60.31990051269531	60.558319091796875	2202.9876708984375	13.3514404296875
34000	10000	59.40265655517578	59.84306335449219	59.84306335449219	1627.4452209472656	13.113021850585938
35000	10000	59.325313568115234	59.36622619628906	59.604644775390625	305.41419982910156	13.113021850585938
36000	10000	60.135436058044434	60.79673767089844	61.75041198730469	1406.6696166992188	13.3514404296875
37000	10000	59.56430435180664	58.41255187988281	61.27357482910156	1432.8956604003906	13.3514404296875
38000	10000	60.37454605102539	59.604644775390625	58.88938903808594	1684.427261352539	13.828277587890625
38400	10000	61.273956298828125	59.84306335449219	62.465667724609375	2078.2947540283203	13.589859008789062
39000	10000	60.147809982299805	59.84306335449219	59.84306335449219	3449.9168395996094	13.113021850585938
40000	10000	65.90940952301025	60.79673767089844	61.03515625	7858.037948608398	14.30511474609375
41000	10000	65.69116115570068	59.604644775390625	59.84306335449219	9447.574615478516	12.874603271484375
42000	10000	59.732794761657715	60.79673767089844	61.27357482910156	2176.2847900390625	12.874603271484375
43000	10000	60.2168083190918	58.88938903808594	58.17413330078125	1749.277114868164	13.828277587890625
44000	10000	58.60607624053955	58.17413330078125	58.17413330078125	846.1475372314453	13.828277587890625
45000	10000	60.47043800354004	61.27357482910156	61.511993408203125	2996.206283569336	13.589859008789062
46000	10000	59.561991691589355	59.84306335449219	59.84306335449219	2461.1949920654297	13.3514404296875
47000	10000	60.121750831604004	60.558319091796875	60.79673767089844	658.9889526367188	13.113021850585938
48000	10000	59.96806621551514	60.31990051269531	60.558319091796875	253.20053100585938	12.636184692382812
49000	10000	58.83135795593262	58.41255187988281	57.45887756347656	266.79039001464844	12.874603271484375
50000	10000	57.86788463592529	57.93571472167969	58.17413330078125	2024.1737365722656	13.828277587890625
51000	10000	58.849287033081055	58.650970458984375	58.650970458984375	266.5519714355469	13.3514404296875
52000	10000	59.6369743347168	59.1278076171875	58.650970458984375	249.38583374023438	13.3514404296875
53000	10000	57.92515277862549	58.650970458984375	58.88938903808594	292.3011779785156	13.828277587890625
54000	10000	59.20736789703369	59.1278076171875	61.27357482910156	222.92137145996094	13.828277587890625
55000	10000	59.10439491271973	58.41255187988281	58.41255187988281	4084.5870971679688	13.828277587890625
56000	10000	58.579397201538086	58.17413330078125	58.41255187988281	273.4661102294922	13.589859008789062
57000	10000	58.80863666534424	59.36622619628906	59.1278076171875	281.0955047607422	13.3514404296875
57600	10000	58.92200469970703	57.93571472167969	57.45887756347656	259.3994140625	12.874603271484375
58000	10000	60.15932559967041	58.88938903808594	57.93571472167969	2671.0033416748047	13.3514404296875
59000	10000	60.31663417816162	58.41255187988281	57.93571472167969	2914.1902923583984	13.113021850585938
60000	10000	59.80088710784912	60.08148193359375	60.31990051269531	282.28759765625	13.3514404296875
61000	10000	60.97836494445801	60.08148193359375	59.1278076171875	158.54835510253906	13.113021850585938
62000	10000	60.65053939819336	60.558319091796875	60.558319091796875	1517.5342559814453	13.113021850585938
63000	10000	61.318016052246094	60.31990051269531	62.70408630371094	2065.420150756836	13.3514404296875
64000	10000	60.20495891571045	60.08148193359375	59.84306335449219	302.7915954589844	12.874603271484375
65000	10000	60.61694622039795	61.27357482910156	61.75041198730469	1781.7020416259766	13.3514404296875
66000	10000	60.5332612991333	61.03515625	61.03515625	281.8107604980469	12.874603271484375
67000	10000	60.77616214752197	60.79673767089844	60.79673767089844	341.65382385253906	12.636184692382812
68000	10000	58.876681327819824	60.08148193359375	60.558319091796875	338.3159637451172	13.3514404296875
69000	10000	60.063982009887695	60.31990051269531	60.31990051269531	212.66937255859375	12.636184692382812
70000	10000	60.91494560241699	59.84306335449219	62.465667724609375	1299.8580932617188	13.3514404296875
71000	10000	61.56351566314697	59.1278076171875	59.1278076171875	2002.4776458740234	14.30511474609375
72000	10000	58.53147506713867	57.697296142578125	57.45887756347656	4454.135894775391	13.589859008789062
73000	10000	59.90347862243652	58.650970458984375	58.41255187988281	2768.0397033691406	13.589859008789062
74000	10000	60.15667915344238	59.1278076171875	61.98883056640625	1257.6580047607422	13.3514404296875
75000	10000	60.04757881164551	60.558319091796875	60.558319091796875	2865.5529022216797	13.3514404296875
76000	10000	59.7592830657959	60.79673767089844	61.511993408203125	1125.335693359375	13.828277587890625
77000	10000	60.645246505737305	61.27357482910156	61.27357482910156	692.8443908691406	13.3514404296875
78000	10000	60.0661039352417	59.1278076171875	58.650970458984375	2271.413803100586	13.3514404296875
79000	10000	58.82823467254639	58.41255187988281	61.03515625	241.99485778808594	13.589859008789062
80000	10000	59.01064872741699	57.697296142578125	57.45887756347656	3298.2826232910156	13.3514404296875
81000	10000	59.36427116394043	58.17413330078125	61.03515625	1936.4356994628906	13.3514404296875
82000	10000	59.88924503326416	58.88938903808594	58.88938903808594	1657.9627990722656	13.3514404296875
83000	10000	59.954023361206055	60.558319091796875	61.03515625	2617.8359985351562	13.3514404296875
84000	10000	59.772634506225586	60.558319091796875	61.27357482910156	363.5883331298828	13.113021850585938
85000	10000	59.931278228759766	58.88938903808594	58.650970458984375	1631.9751739501953	12.874603271484375
86000	10000	59.360504150390625	59.604644775390625	59.36622619628906	649.2137908935547	13.3514404296875
87000	10000	58.74030590057373	58.41255187988281	57.93571472167969	296.1158752441406	13.589859008789062
88000	10000	59.48305130004883	60.31990051269531	60.31990051269531	320.4345703125	13.3514404296875
89000	10000	59.53409671783447	59.84306335449219	-1	7286.787033081055	13.3514404296875
90000	10000	59.41622257232666	58.17413330078125	57.93571472167969	3998.279571533203	13.113021850585938
91000	10000	62.14742660522461	60.31990051269531	60.08148193359375	3912.210464477539	13.113021850585938
92000	10000	58.953046798706055	58.88938903808594	58.88938903808594	281.33392333984375	13.828277587890625
93000	10000	58.7397575378418	58.650970458984375	58.41255187988281	258.44573974609375	13.113021850585938
94000	10000	59.2055082321167	59.36622619628906	59.36622619628906	1409.769058227539	13.828277587890625
95000	10000	58.80002975463867	58.17413330078125	57.93571472167969	3876.209259033203	13.3514404296875
96000	10000	59.11076068878174	58.17413330078125	57.697296142578125	2444.744110107422	12.874603271484375
97000	10000	60.0538969039917	60.31990051269531	60.08148193359375	250.33950805664062	13.113021850585938
98000	10000	58.843398094177246	59.1278076171875	58.88938903808594	296.8311309814453	13.3514404296875
99000	10000	60.15520095825195	60.08148193359375	60.558319091796875	3474.2355346679688	13.589859008789062
100000	10000	61.90333366394043	58.650970458984375	58.17413330078125	2965.4502868652344	13.589859008789062
101000	10000	58.731937408447266	58.17413330078125	57.697296142578125	184.05914306640625	12.874603271484375
102000	10000	58.61411094665527	58.41255187988281	58.17413330078125	200.2716064453125	13.113021850585938
103000	10000	60.840749740600586	59.1278076171875	59.1278076171875	4820.823669433594	13.3514404296875
104000	10000	59.15954113006592	58.41255187988281	57.93571472167969	214.3383026123047	12.874603271484375
105000	10000	60.21437644958496	60.558319091796875	61.27357482910156	838.5181427001953	13.113021850585938
106000	10000	60.196614265441895	61.27357482910156	61.511993408203125	252.00843811035156	12.874603271484375
107000	10000	59.881591796875	58.650970458984375	57.697296142578125	3680.2291870117188	13.828277587890625
108000	10000	58.97414684295654	58.650970458984375	58.650970458984375	1618.6237335205078	13.589859008789062
109000	10000	59.80386734008789	59.84306335449219	60.08148193359375	3942.0127868652344	13.113021850585938
110000	10000	62.73965835571289	60.31990051269531	60.558319091796875	5376.577377319336	13.113021850585938
111000	10000	61.60385608673096	58.41255187988281	61.27357482910156	3085.1364135742188	13.3514404296875
112000	10000	61.894965171813965	59.36622619628906	61.98883056640625	3434.1812133789062	13.828277587890625
113000	10000	60.582709312438965	59.84306335449219	60.79673767089844	4020.9293365478516	12.874603271484375
114000	10000	62.03603744506836	60.558319091796875	61.511993408203125	3137.5885009765625	13.113021850585938
115000	10000	61.06679439544678	59.1278076171875	61.75041198730469	2582.3116302490234	13.3514404296875
115200	10000	59.14037227630615	58.88938903808594	58.88938903808594	831.60400390625	13.3514404296875
116000	10000	58.7510347366333	59.604644775390625	60.31990051269531	678.0624389648438	13.3514404296875
